2 1 0.5 0
3 1 0.666666666667 0
5 2 0.6 0
2 1 0.5 0
2 1 0.5 0
5 2 0.6 0
2 1 0.5 0
2 1 0.5 0
2 1 0.5 0
3 2 0.333333333333 0
3 1 0.666666666667 0
2 1 0.5 0
2 1 0.5 0
2 1 0.5 0
2 1 0.5 0
2 1 0.5 0
3 2 0.333333333333 0
2 1 0.5 0
4 2 0.5 0
2 2 0.0 0
4 2 0.5 0
2 1 0.5 0
4 1 0.75 0
1 1 0.0 0
4 2 0.5 0
3 1 0.666666666667 0
3 1 0.666666666667 0
2 1 0.5 0
3 2 0.333333333333 0
3 2 0.333333333333 0
1 0 1.0 0
3 2 0.333333333333 0
2 1 0.5 0
4 1 0.75 0
3 1 0.666666666667 0
2 1 0.5 0
3 1 0.666666666667 0
3 1 0.666666666667 0
3 2 0.333333333333 0
2 1 0.5 0
4 1 0.75 0
2 1 0.5 0
5 2 0.6 0
2 1 0.5 0
2 1 0.5 0
3 1 0.666666666667 0
3 1 0.666666666667 0
3 2 0.333333333333 0
2 1 0.5 0
3 2 0.333333333333 0
3 2 0.333333333333 0
3 1 0.666666666667 0
2 1 0.5 0
2 1 0.5 0
2 1 0.5 0
5 2 0.6 0
2 1 0.5 0
2 1 0.5 0
2 1 0.5 0
2 1 0.5 0
5 2 0.6 0
3 2 0.333333333333 0
2 1 0.5 0
3 2 0.333333333333 0
2 1 0.5 0
4 2 0.5 0
2 2 0.0 0
2 1 0.5 0
2 1 0.5 0
3 1 0.666666666667 0
2 1 0.5 0
2 1 0.5 0
2 0 1.0 0
3 1 0.666666666667 0
3 1 0.666666666667 0
2 1 0.5 0
2 1 0.5 0
2 1 0.5 0
3 1 0.666666666667 0
4 3 0.25 0
2 1 0.5 0
4 3 0.25 0
4 2 0.5 0
2 1 0.5 0
4 2 0.5 0
4 2 0.5 0
2 1 0.5 0
3 2 0.333333333333 0
5 2 0.6 0
2 1 0.5 0
2 1 0.5 0
2 1 0.5 0
3 1 0.666666666667 0
2 1 0.5 0
2 1 0.5 0
2 2 0.0 0
5 3 0.4 0
3 1 0.666666666667 0
3 1 0.666666666667 0
2 1 0.5 0
3 1 0.666666666667 0
2 1 0.5 0
2 1 0.5 0
2 1 0.5 0
2 1 0.5 0
2 1 0.5 0
2 1 0.5 0
2 1 0.5 0
3 1 0.666666666667 0
2 1 0.5 0
2 1 0.5 0
2 1 0.5 0
2 1 0.5 0
3 1 0.666666666667 0
2 1 0.5 0
3 2 0.333333333333 0
2 1 0.5 0
5 3 0.4 0
3 2 0.333333333333 0
4 2 0.5 0
2 1 0.5 0
3 2 0.333333333333 0
4 3 0.25 0
3 1 0.666666666667 0
2 1 0.5 0
3 2 0.333333333333 0
5 2 0.6 0
2 0 1.0 0
2 1 0.5 0
5 2 0.6 0
3 2 0.333333333333 0
2 1 0.5 0
2 1 0.5 0
2 1 0.5 0
3 2 0.333333333333 0
2 1 0.5 0
3 2 0.333333333333 0
2 1 0.5 0
4 2 0.5 0
2 1 0.5 0
2 1 0.5 0
2 1 0.5 0
2 1 0.5 0
3 1 0.666666666667 0
3 2 0.333333333333 0
3 2 0.333333333333 0
3 2 0.333333333333 0
2 1 0.5 0
2 1 0.5 0
