1 9 1
3 9 1
3 9 1
2 9 1
3 3 1
2 9 1
3 9 1
3 3 1
2 2 1
1 1 1
3 9 1
2 9 1
1 1 1
2 2 1
1 1 1
1 1 1
2 2 1
2 9 1
3 3 1
2 2 1
2 2 1
1 9 1
1 9 1
3 9 1
1 9 1
2 9 1
1 9 1
1 1 1
2 9 1
1 9 1
2 2 1
1 1 1
2 9 1
2 2 1
2 9 1
2 9 1
1 9 1
1 1 1
2 9 1
1 9 1
3 2 0.666666666667
2 2 1
2 2 1
1 9 1
2 9 1
2 9 1
2 2 1
2 9 1
3 9 1
1 1 1
1 1 1
2 2 1
1 9 1
2 2 1
3 2 0.666666666667
2 9 1
2 2 1
1 9 1
2 9 1
2 9 1
2 2 1
1 9 1
1 9 1
1 9 1
2 2 1
1 9 1
1 9 1
2 1 0.5
2 9 1
1 9 1
3 9 1
3 2 0.666666666667
3 9 1
1 9 1
2 2 1
1 1 1
1 9 1
1 9 1
2 9 1
1 9 1
3 9 1
2 2 1
3 9 1
1 1 1
2 2 1
2 9 1
2 9 1
2 9 1
3 9 1
1 9 1
3 9 1
2 9 1
2 2 1
3 2 0.666666666667
2 9 1
1 1 1
2 2 1
3 3 1
1 9 1
1 9 1
4 9 1
4 2 0.5
2 9 1
2 9 1
2 9 1
2 2 1
3 9 1
3 2 0.666666666667
1 9 1
2 2 1
1 9 1
2 2 1
2 9 1
1 1 1
4 9 1
2 2 1
1 1 1
2 2 1
3 9 1
2 9 1
2 9 1
2 9 1
3 3 1
2 1 0.5
3 2 0.666666666667
2 9 1
3 2 0.666666666667
2 2 1
3 9 1
3 2 0.666666666667
1 9 1
3 3 1
3 2 0.666666666667
3 9 1
1 9 1
2 9 1
1 9 1
1 9 1
2 9 1
2 9 1
3 3 1
3 2 0.666666666667
2 9 1
4 3 0.75
2 9 1
3 9 1
1 1 1
2 2 1
2 2 1
2 2 1
2 2 1
2 9 1
3 2 0.666666666667
1 9 1
1 9 1
2 9 1
2 9 1
3 9 1
3 2 0.666666666667
2 9 1
1 9 1
1 9 1
1 9 1
2 1 0.5
2 2 1
2 2 1
1 9 1
2 2 1
2 9 1
2 2 1
2 2 1
2 9 1
2 2 1
2 1 0.5
3 9 1
4 9 1
2 9 1
1 1 1
1 9 1
1 9 1
1 9 1
2 2 1
1 1 1
1 9 1
2 9 1
2 1 0.5
1 1 1
2 2 1
3 2 0.666666666667
1 9 1
2 2 1
1 9 1
4 9 1
1 1 1
2 2 1
3 2 0.666666666667
2 2 1
1 9 1
2 9 1
3 9 1
2 9 1
1 9 1
2 2 1
3 3 1
3 2 0.666666666667
1 1 1
2 9 1
2 2 1
2 9 1
2 2 1
3 3 1
2 9 1
2 9 1
2 9 1
2 9 1
2 9 1
2 2 1
1 9 1
2 9 1
2 9 1
2 2 1
1 9 1
3 9 1
1 1 1
3 2 0.666666666667
4 2 0.5
4 9 1
3 9 1
2 9 1
2 2 1
2 2 1
1 9 1
3 3 1
2 9 1
2 9 1
2 2 1
1 1 1
3 3 1
1 1 1
1 1 1
2 9 1
2 2 1
2 2 1
2 1 0.5
1 9 1
3 9 1
1 1 1
1 1 1
2 2 1
1 9 1
2 9 1
2 2 1
2 9 1
1 1 1
3 3 1
2 2 1
2 9 1
2 9 1
1 1 1
2 1 0.5
1 9 1
2 9 1
2 9 1
2 9 1
1 9 1
2 2 1
1 9 1
1 9 1
1 9 1
1 1 1
2 9 1
2 2 1
1 9 1
1 1 1
2 2 1
1 1 1
2 2 1
2 2 1
1 9 1
2 2 1
