3 3 0.0 1
3 3 0.0 1
2 2 0.0 1
1 1 0.0 1
1 1 0.0 1
2 2 0.0 1
1 1 0.0 1
1 0 1.0 1
1 1 0.0 1
2 2 0.0 1
3 3 0.0 1
2 2 0.0 1
2 2 0.0 1
1 1 0.0 1
2 2 0.0 1
1 1 0.0 1
2 2 0.0 1
3 2 0.333333333333 1
2 2 0.0 1
2 2 0.0 1
2 2 0.0 1
3 3 0.0 1
1 1 0.0 1
1 1 0.0 1
1 1 0.0 1
2 2 0.0 1
2 2 0.0 1
2 1 0.5 1
3 2 0.333333333333 1
2 2 0.0 1
1 1 0.0 1
2 2 0.0 1
1 1 0.0 1
2 2 0.0 1
2 2 0.0 1
3 2 0.333333333333 1
1 1 0.0 1
2 2 0.0 1
3 3 0.0 1
2 2 0.0 1
2 1 0.5 1
1 1 0.0 1
1 1 0.0 1
2 2 0.0 1
2 2 0.0 1
3 3 0.0 1
2 1 0.5 1
3 2 0.333333333333 1
3 2 0.333333333333 1
2 2 0.0 1
3 2 0.333333333333 1
3 3 0.0 1
3 1 0.666666666667 1
2 2 0.0 1
2 1 0.5 1
3 3 0.0 1
2 2 0.0 1
2 2 0.0 1
2 2 0.0 1
4 2 0.5 1
1 1 0.0 1
3 2 0.333333333333 1
2 1 0.5 1
2 2 0.0 1
2 2 0.0 1
2 2 0.0 1
2 2 0.0 1
2 2 0.0 1
2 2 0.0 1
2 1 0.5 1
1 1 0.0 1
2 2 0.0 1
1 1 0.0 1
2 1 0.5 1
1 1 0.0 1
2 2 0.0 1
3 2 0.333333333333 1
2 2 0.0 1
1 1 0.0 1
2 2 0.0 1
3 2 0.333333333333 1
2 2 0.0 1
2 2 0.0 1
3 3 0.0 1
3 2 0.333333333333 1
1 1 0.0 1
2 2 0.0 1
2 2 0.0 1
2 2 0.0 1
2 2 0.0 1
2 1 0.5 1
2 2 0.0 1
1 1 0.0 1
3 2 0.333333333333 1
4 2 0.5 1
2 2 0.0 1
2 2 0.0 1
3 3 0.0 1
2 2 0.0 1
1 1 0.0 1
3 3 0.0 1
1 1 0.0 1
1 1 0.0 1
2 2 0.0 1
2 2 0.0 1
2 1 0.5 1
3 3 0.0 1
1 1 0.0 1
1 1 0.0 1
2 2 0.0 1
2 2 0.0 1
1 1 0.0 1
3 3 0.0 1
2 2 0.0 1
2 1 0.5 1
2 2 0.0 1
1 1 0.0 1
2 2 0.0 1
1 1 0.0 1
2 2 0.0 1
1 1 0.0 1
2 2 0.0 1
2 2 0.0 1
2 2 0.0 1
