2 1 0.5
3 1 0.333333333333
5 2 0.4
2 1 0.5
2 1 0.5
5 2 0.4
2 1 0.5
2 1 0.5
2 1 0.5
3 2 0.666666666667
3 1 0.333333333333
2 1 0.5
2 1 0.5
2 1 0.5
2 1 0.5
2 1 0.5
3 2 0.666666666667
2 1 0.5
2 1 0.5
4 2 0.5
4 1 0.25
3 2 0.666666666667
4 2 0.5
3 1 0.333333333333
3 1 0.333333333333
2 1 0.5
3 2 0.666666666667
3 2 0.666666666667
2 1 0.5
4 1 0.25
3 1 0.333333333333
2 1 0.5
3 1 0.333333333333
3 1 0.333333333333
3 2 0.666666666667
2 1 0.5
4 1 0.25
2 1 0.5
5 2 0.4
2 1 0.5
2 1 0.5
3 1 0.333333333333
3 1 0.333333333333
3 2 0.666666666667
2 1 0.5
3 2 0.666666666667
3 2 0.666666666667
3 1 0.333333333333
2 1 0.5
2 1 0.5
2 1 0.5
5 2 0.4
2 1 0.5
4 3 0.75
2 9 1
2 1 0.5
2 1 0.5
3 2 0.666666666667
2 1 0.5
2 1 0.5
2 1 0.5
3 1 0.333333333333
2 1 0.5
3 2 0.666666666667
3 1 0.333333333333
3 1 0.333333333333
2 1 0.5
3 2 0.666666666667
3 2 0.666666666667
2 1 0.5
2 1 0.5
4 3 0.75
2 1 0.5
4 3 0.75
4 2 0.5
3 1 0.333333333333
2 1 0.5
2 1 0.5
2 1 0.5
3 2 0.666666666667
2 1 0.5
2 1 0.5
3 2 0.666666666667
5 2 0.4
2 1 0.5
2 1 0.5
3 1 0.333333333333
2 1 0.5
2 1 0.5
2 2 1
5 3 0.6
3 1 0.333333333333
3 1 0.333333333333
2 1 0.5
3 1 0.333333333333
2 1 0.5
2 1 0.5
2 1 0.5
2 1 0.5
2 1 0.5
2 1 0.5
3 2 0.666666666667
3 1 0.333333333333
2 1 0.5
2 1 0.5
2 1 0.5
2 1 0.5
3 1 0.333333333333
2 1 0.5
3 2 0.666666666667
2 1 0.5
5 3 0.6
3 2 0.666666666667
4 2 0.5
2 1 0.5
3 2 0.666666666667
4 3 0.75
3 1 0.333333333333
2 1 0.5
3 2 0.666666666667
3 2 0.666666666667
2 1 0.5
3 1 0.333333333333
4 3 0.75
3 2 0.666666666667
4 1 0.25
3 2 0.666666666667
3 2 0.666666666667
2 1 0.5
3 2 0.666666666667
2 1 0.5
3 2 0.666666666667
2 1 0.5
4 2 0.5
2 1 0.5
2 1 0.5
2 1 0.5
2 1 0.5
3 1 0.333333333333
3 2 0.666666666667
3 2 0.666666666667
3 2 0.666666666667
2 1 0.5
2 1 0.5
